地区: EU
政策数: 42
时间跨度: 1 - 42
生成日期: 2026-05-06

政策列表:
1. [1] 2009.04
2. [2] 2010.04
3. [3] 2011.12
4. [4] 2013.01
5. [5] 2014.10
6. [6] 2015.07
7. [7] 2016.11
8. [8] 2017.03
9. [9] 2017.10
10. [10] 2018.05
11. [11] 2019.04
12. [12] 2019.06
13. [13] 2019.12
14. [14] 2020.03
15. [15] 2020.07
16. [16] 2020.12
17. [17] 2021.02
18. [18] 2021.06
19. [19] 2021.07
20. [20] 2021.07
21. [21] 2022.06
22. [22] 2022.12
23. [23] 2022.12
24. [24] 2023.02
25. [25] 2023.03
26. [26] 2023.04
27. [27] 2023.06
28. [28] 2023.08.17
29. [29] 2023.10.01
30. [30] 2023.09
31. [31] 2024.04
32. [32] 2024.05
33. [33] 2024.10
34. [34] 2024.12
35. [35] 2025.05
36. [36] 2025.10
37. [37] 2025.12
38. [38] 2025.12
39. [39] 2026.01.01
40. [40] 2026.02
41. [41] 2026.03
42. [42] 2026.03
