地区: US
政策数: 61
时间跨度: 1 - 61
生成日期: 2026-05-06

政策列表:
1. [1] Feb 2009
2. [2] 2010
3. [3] 2011
4. [4] Mar 2012
5. [5] 2012
6. [6] 2013
7. [7] 2014
8. [8] 2015
9. [9] 2016
10. [10] 2016
11. [11] Jun 2017
12. [12] 2017–2018
13. [13] 2018
14. [14] 2019
15. [15] 2019
16. [16] 2019
17. [17] Mar 2020
18. [18] Dec 2020
19. [19] Jan 2021
20. [20] Mar 2021
21. [21] Aug 2021
22. [22] Nov 2021
23. [23] Jan 2022
24. [24] Feb 2022
25. [25] May 2022
26. [26] Aug 7, 2022
27. [27] Aug 16, 2022
28. [28] — IRA §30D
29. [29] — IRA §25E
30. [30] — IRA §45W
31. [31] — IRA §30C
32. [32] — IRA §45X
33. [33] — IRA §45V
34. [34] — IRA Critical Mineral & Battery Component Provisions
35. [35] Mar 2023
36. [36] Apr 18, 2023
37. [37] Jun 2023
38. [38] Dec 2023
39. [39] Dec 2023
40. [40] Mar 20, 2024
41. [41] Apr 2024
42. [42] May 2024
43. [43] May-Dec 2024
44. [44] Jun 2024
45. [45] 2024
46. [46] Jan 20, 2025
47. [47] Jan 20, 2025
48. [48] Mar 12, 2025
49. [49] Mar 2025
50. [50] Apr 2025
51. [51] May 2025
52. [52] May 2025
53. [53] Jul 4, 2025
54. [54] Aug 21, 2025
55. [55] Sep 30, 2025
56. [56] 2025
57. [57] Mar 2026
58. [58] Mar 2026
59. [59] Apr 2026
60. [60] Apr 2026 (Status Tracking)
61. [61] Jun 30, 2026 (Anticipated)
